repeat end
repeat end
repeat end
repeat end
repeat end
repeat end
repeat end
repeat end
repeat end
repeat end
[0.16145128421052632, 0.010007015789473684, 0.13513190175438594, 0.693409798245614]
[0.24199278607809846, 0.009418745331069608, 0.12438455348047539, 0.6242039151103563]
[0.16799789473684215, 0.008598301754385964, 0.13563120877192983, 0.6877725947368422]
[0.2108142308998302, 0.00892083870967742, 0.12309703225806451, 0.6571678981324276]
[0.15671575438596488, 0.008891338596491227, 0.1253671807017544, 0.7090257263157893]
repeat end
[0.3477586162988116, 0.016158724957555177, 0.20542073684210524, 0.4306619219015281]
[0.29288825087719295, 0.015757129824561403, 0.21122281754385966, 0.480131801754386]
[0.29801530877192983, 0.017132521052631577, 0.2143841298245614, 0.4704680403508772]
[0.2990157789473684, 0.01568518596491228, 0.2130829175438597, 0.47221611754385956]
[0.29041367894736847, 0.017727098245614036, 0.21726329649122805, 0.47459592631578945]
repeat end
[0.3811639789473685, 0.02431827543859649, 0.23967948771929826, 0.3548382578947369]
[0.38739362982456127, 0.02435107543859649, 0.2451769596491228, 0.3430783350877193]
[0.39490957543859656, 0.023881391228070176, 0.2467118614035088, 0.33449717192982453]
[0.3972684403508772, 0.02434557192982456, 0.2371087, 0.3412772877192983]
[0.392141552631579, 0.023818038596491224, 0.24140255087719292, 0.34263785789473683]
repeat end
[0.5075581508771931, 0.03181109122807018, 0.2644306157894737, 0.19620014210526315]
[0.508500543859649, 0.030961975438596495, 0.2654840754385965, 0.1950534052631579]
[0.482654796491228, 0.03192525263157894, 0.26475610701754393, 0.2206638438596491]
[0.46767421929824576, 0.03241578245614036, 0.27165037543859644, 0.2282596228070176]
[0.4740734964912281, 0.031796680701754385, 0.2648442105263158, 0.22928561228070174]
repeat end
[0.5668690438596492, 0.040740135087719294, 0.274339749122807, 0.11805107192982456]
[0.5603053894736842, 0.04224606315789474, 0.2676769228070176, 0.1297716245614035]
[0.5391450403508772, 0.041902764912280704, 0.2758577719298245, 0.14309442280701756]
[0.5282927280701754, 0.041428356140350876, 0.2686651877192983, 0.16161372807017543]
[0.5478419017543859, 0.041428119298245615, 0.26977128947368423, 0.1409586894736842]
repeat end
[0.5942627421052632, 0.05038417894736841, 0.27148154912280703, 0.0838715298245614]
[0.6055033070175441, 0.049044412280701756, 0.2718691754385965, 0.07358310526315788]
[0.6286531631578947, 0.0492356052631579, 0.2693724087719298, 0.05273882280701755]
[0.6141816157894738, 0.04847481929824561, 0.26481750526315784, 0.0725260596491228]
[0.6032615385964912, 0.049340400000000006, 0.26563262280701755, 0.08176543859649124]
repeat end
[0.6392817947368421, 0.05854984736842105, 0.25680272807017546, 0.0453656298245614]
[0.6608891877192983, 0.05675911929824561, 0.25030953508771936, 0.03204215789473684]
[0.6743838929824562, 0.0546496649122807, 0.24651734385964916, 0.02444909824561404]
[0.6407141157894738, 0.058800245614035074, 0.25711393157894735, 0.04337170701754385]
[0.6368854000000002, 0.05769687192982457, 0.25883988245614037, 0.046577845614035086]
repeat end
[0.6890837456140352, 0.06402743859649122, 0.2305626368421053, 0.016326178947368424]
[0.6997268631578946, 0.06156656491228069, 0.23423181228070172, 0.004474759649122808]
[0.7040760964912282, 0.06112963684210526, 0.22966360526315788, 0.005130661403508772]
[0.7442751103565366, 0.05853729032258065, 0.22477150424448217, -0.027583904923599325]
[0.7003269035087719, 0.06124680526315789, 0.23431064385964917, 0.004115647368421052]
repeat end
[0.7544002071307301, 0.06197509507640068, 0.21124887266553483, -0.027624174872665542]
[0.7133013982456141, 0.06522652280701755, 0.21795973859649123, 0.0035123403508771924]
[0.7584243582342953, 0.05821827843803056, 0.2105534431239389, -0.027196079796264858]
[0.7155931421052631, 0.06701261228070177, 0.21408613333333337, 0.003308112280701754]
[0.7130904017543859, 0.06031985614035088, 0.22221890175438597, 0.004370840350877194]
repeat end
[0.7188496964912279, 0.06605440175438596, 0.21140223333333336, 0.0036936684210526313]
[0.7177977263157895, 0.06706312280701757, 0.21165038947368423, 0.003488761403508772]
[0.7161494175438596, 0.06980207017543859, 0.2090615350877193, 0.004986977192982456]
[0.7118823140350878, 0.06850023684210527, 0.21406818596491226, 0.005549263157894736]
[0.6686629824561403, 0.058559668421052626, 0.2439069526315789, 0.028870396491228068]
repeat end
